#ifndef RECORD_H
#define RECORD_H

#define SPEECHBUF 100

short h[SPEECHBUF+1] = {
-16, -15, -13, -11, -8, -4, 1, 7, 15, 24, 34, 44, 54, 63, 71, 75, 75, 70, 59, 42, 17, -13, -50, -92, -137, -182, -226, -266, -297, -317, -322, -309, -276, -220, -140, -35, 93, 244, 416, 603, 803, 1010, 1218, 1421, 1612, 1787, 1938, 2062, 2153, 2209, 2228, 2209, 2153, 2062, 1938, 1787, 1612, 1421, 1218, 1010, 803, 603, 416, 244, 93, -35, -140, -220, -276, -309, -322, -317, -297, -266, -226, -182, -137, -92, -50, -13, 17, 42, 59, 70, 75, 75, 71, 63, 54, 44, 34, 24, 15, 7, 1, -4, -8, -11, -13, -15, -16
};

#endif
